,Diesel,Petrol,Individual,Manual,Year,Selling_Price,Present_Price,Kms_Driven,Owner
0,0,1,0,1,2014,3.35,5.59,27000,0
1,1,0,0,1,2013,4.75,9.54,43000,0
2,0,1,0,1,2017,7.25,9.85,6900,0
3,0,1,0,1,2011,2.85,4.15,5200,0
4,1,0,0,1,2014,4.6,6.87,42450,0
5,1,0,0,1,2018,9.25,9.83,2071,0
6,0,1,0,1,2015,6.75,8.12,18796,0
7,1,0,0,1,2015,6.5,8.61,33429,0
8,1,0,0,1,2016,8.75,8.89,20273,0
9,1,0,0,1,2015,7.45,8.92,42367,0
10,0,1,0,1,2017,2.85,3.6,2135,0
11,1,0,0,1,2015,6.85,10.38,51000,0
12,0,1,0,0,2015,7.5,9.94,15000,0
13,0,1,0,1,2015,6.1,7.71,26000,0
14,0,1,0,1,2009,2.25,7.21,77427,0
15,1,0,0,1,2016,7.75,10.79,43000,0
16,1,0,0,1,2015,7.25,10.79,41678,0
17,1,0,0,1,2016,7.75,10.79,43000,0
18,0,0,0,1,2015,3.25,5.09,35500,0
19,0,1,0,1,2010,2.65,7.98,41442,0
20,0,1,0,1,2016,2.85,3.95,25000,0
21,0,1,0,1,2017,4.9,5.71,2400,0
22,0,1,0,0,2011,4.4,8.01,50000,0
23,0,1,0,1,2014,2.5,3.46,45280,0
24,0,1,0,1,2013,2.9,4.41,56879,0
25,0,1,0,1,2011,3.0,4.99,20000,0
26,0,1,0,1,2013,4.15,5.87,55138,0
27,0,1,1,1,2017,6.0,6.49,16200,0
28,0,1,0,1,2010,1.95,3.95,44542,0
29,1,0,0,1,2015,7.45,10.38,45000,0
30,1,0,0,1,2012,3.1,5.98,51439,0
31,0,1,0,1,2011,2.35,4.89,54200,0
32,1,0,0,1,2014,4.95,7.49,39000,0
33,1,0,0,1,2014,6.0,9.95,45000,0
34,1,0,0,1,2014,5.5,8.06,45000,0
35,0,0,0,1,2011,2.95,7.74,49998,0
36,0,1,0,1,2015,4.65,7.2,48767,0
37,0,1,1,1,2003,0.35,2.28,127000,0
38,0,1,0,1,2016,3.0,3.76,10079,0
39,0,1,0,1,2003,2.25,7.98,62000,0
40,0,1,0,0,2016,5.85,7.87,24524,0
41,0,1,0,1,2014,2.55,3.98,46706,0
42,0,1,0,1,2008,1.95,7.15,58000,0
43,1,0,0,1,2014,5.5,8.06,45780,0
44,0,1,0,1,2012,1.25,2.69,50000,0
45,0,1,0,0,2014,7.5,12.04,15000,0
46,0,1,0,1,2013,2.65,4.89,64532,0
47,0,1,0,1,2006,1.05,4.15,65000,0
48,0,1,0,1,2015,5.8,7.71,25870,0
49,0,1,0,0,2017,7.75,9.29,37000,0
50,1,0,0,0,2012,14.9,30.61,104707,0
51,1,0,0,0,2015,23.0,30.61,40000,0
52,1,0,0,0,2017,18.0,19.77,15000,0
53,1,0,1,0,2013,16.0,30.61,135000,0
54,0,1,1,1,2005,2.75,10.21,90000,0
55,0,1,0,0,2009,3.6,15.04,70000,0
56,0,1,0,1,2015,4.5,7.27,40534,0
57,0,1,0,1,2010,4.75,18.54,50000,0
58,0,1,0,1,2014,4.1,6.8,39485,1
59,1,0,0,0,2014,19.99,35.96,41000,0
60,0,1,0,1,2013,6.95,18.61,40001,0
61,0,1,0,1,2015,4.5,7.7,40588,0
62,1,0,0,0,2014,18.75,35.96,78000,0
63,1,0,0,0,2015,23.5,35.96,47000,0
64,1,0,0,0,2017,33.0,36.23,6000,0
65,1,0,0,1,2014,4.75,6.95,45000,0
66,0,1,0,0,2017,19.75,23.15,11000,0
67,1,0,0,1,2010,9.25,20.45,59000,0
68,0,1,0,1,2011,4.35,13.74,88000,0
69,0,1,0,1,2016,14.25,20.91,12000,0
70,1,0,0,1,2014,3.95,6.76,71000,0
71,1,0,0,1,2011,4.5,12.48,45000,0
72,0,1,0,1,2013,7.45,18.61,56001,0
73,0,1,0,1,2011,2.65,5.71,43000,0
74,1,0,0,1,2014,4.9,8.93,83000,0
75,0,1,0,1,2015,3.95,6.8,36000,0
76,0,1,0,1,2013,5.5,14.68,72000,0
77,0,1,0,0,2004,1.5,12.35,135154,0
78,0,1,0,0,2010,5.25,22.83,80000,0
79,1,0,0,0,2012,14.5,30.61,89000,0
80,1,0,0,1,2016,14.73,14.89,23000,0
81,1,0,0,1,2015,4.75,7.85,40000,0
82,1,0,0,0,2017,23.0,25.39,15000,0
83,1,0,0,1,2015,12.5,13.46,38000,0
84,1,0,0,1,2005,3.49,13.46,197176,0
85,0,1,1,0,2006,2.5,23.73,142000,3
86,1,0,0,1,2010,35.0,92.6,78000,0
87,0,1,0,1,2012,5.9,13.74,56000,0
88,0,1,0,1,2013,3.45,6.05,47000,0
89,0,1,0,1,2014,4.75,6.76,40000,0
90,0,1,0,1,2009,3.8,18.61,62000,0
91,1,0,0,1,2014,11.25,16.09,58242,0
92,0,1,0,1,2005,3.51,13.7,75000,0
93,1,0,0,0,2015,23.0,30.61,40000,0
94,0,1,0,0,2008,4.0,22.78,89000,0
95,0,1,0,1,2012,5.85,18.61,72000,0
96,1,0,0,0,2016,20.75,25.39,29000,0
97,0,1,0,1,2017,17.0,18.64,8700,0
98,0,1,0,1,2013,7.05,18.61,45000,0
99,1,0,0,1,2010,9.65,20.45,50024,0
100,0,1,1,1,2016,1.75,1.9,3000,0
101,0,1,1,1,2017,1.7,1.82,1400,0
102,0,1,1,1,2017,1.65,1.78,4000,0
103,0,1,1,1,2017,1.45,1.6,1200,0
104,0,1,1,1,2017,1.35,1.47,4100,0
105,0,1,1,1,2015,1.35,2.37,21700,0
106,0,1,1,1,2014,1.35,3.45,16500,1
107,0,1,1,1,2013,1.25,1.5,15000,0
108,0,1,1,1,2016,1.2,1.5,18000,0
109,0,1,1,1,2017,1.2,1.47,11000,0
110,0,1,1,1,2016,1.2,1.78,6000,0
111,0,1,1,1,2016,1.15,1.5,8700,0
112,0,1,1,1,2014,1.15,2.4,7000,0
113,0,1,1,1,2016,1.15,1.4,35000,0
114,0,1,1,1,2015,1.15,1.47,17000,0
115,0,1,1,1,2015,1.11,1.47,17500,0
116,0,1,1,1,2013,1.1,1.47,33000,0
117,0,1,1,1,2015,1.1,1.9,14000,0
118,0,1,1,1,2015,1.1,1.47,26000,0
119,0,1,1,1,2013,1.05,1.9,5400,0
120,0,1,1,1,2016,1.05,1.26,5700,0
121,0,1,1,1,2011,1.05,1.5,6900,0
122,0,1,1,1,2016,1.05,1.17,6000,0
123,0,1,1,1,2013,1.0,1.47,46500,0
124,0,1,1,1,2012,0.95,1.75,11500,0
125,0,1,1,1,2009,0.9,1.75,40000,0
126,0,1,1,1,2017,0.9,0.95,1300,0
127,0,1,1,1,2016,0.75,0.8,7000,0
128,0,1,1,1,2017,0.8,0.87,3000,0
129,0,1,1,1,2017,0.78,0.84,5000,0
130,0,1,1,1,2017,0.75,0.87,11000,0
131,0,1,1,1,2015,0.75,0.82,18000,0
132,0,1,1,1,2017,0.75,0.95,3500,0
133,0,1,1,1,2016,0.72,0.95,500,0
134,0,1,1,1,2017,0.65,0.81,11800,0
135,0,1,1,1,2015,0.65,0.74,5000,0
136,0,1,1,1,2014,0.65,1.2,23500,0
137,0,1,1,1,2013,0.65,0.787,16000,0
138,0,1,1,1,2016,0.6,0.87,15000,0
139,0,1,1,1,2015,0.6,0.95,16600,0
140,0,1,1,1,2013,0.6,1.2,32000,0
141,0,1,1,1,2016,0.6,0.8,20000,0
142,0,1,1,1,2015,0.6,0.84,29000,0
143,0,1,1,1,2016,0.6,0.84,25000,0
144,0,1,1,1,2014,0.6,0.99,25000,0
145,0,1,1,1,2012,0.6,0.81,19000,0
146,0,1,1,1,2014,0.55,0.787,15000,0
147,0,1,1,1,2015,0.55,0.84,58000,0
148,0,1,1,1,2010,0.52,0.94,45000,0
149,0,1,1,1,2016,0.51,0.94,24000,0
150,0,1,1,1,2011,0.5,0.826,6000,0
151,0,1,1,1,2016,0.5,0.55,31000,0
152,0,1,1,1,2012,0.5,0.99,13000,0
153,0,1,1,1,2013,0.5,0.99,45000,0
154,0,1,1,1,2014,0.5,0.88,8000,0
155,0,1,1,0,2017,0.48,0.51,4300,0
156,0,1,1,1,2017,0.48,0.52,15000,0
157,0,1,1,1,2015,0.48,0.84,23000,0
158,0,1,1,1,2017,0.48,0.54,8600,0
159,0,1,1,0,2017,0.45,0.51,4000,0
160,0,1,1,1,2011,0.45,0.95,24000,0
161,0,1,1,1,2014,0.45,0.826,23000,0
162,0,1,1,1,2012,0.45,0.99,14500,0
163,0,1,1,1,2010,0.45,0.95,27000,0
164,0,1,1,1,2016,0.45,0.54,14000,0
165,0,1,1,0,2016,0.45,0.54,500,0
166,0,1,1,1,2016,0.45,0.55,1000,0
167,0,1,1,1,2014,0.42,0.81,42000,0
168,0,1,1,1,2013,0.42,0.73,12000,0
169,0,1,1,1,2015,0.4,0.54,14000,0
170,0,1,1,1,2012,0.4,0.83,5500,0
171,0,1,1,1,2015,0.4,0.55,6700,0
172,0,1,1,1,2014,0.4,0.64,13700,0
173,0,1,1,0,2017,0.4,0.51,1300,0
174,0,1,1,1,2015,0.38,0.72,38600,0
175,0,1,1,1,2011,0.38,0.787,75000,0
176,0,1,1,1,2011,0.35,1.05,30000,0
177,0,1,1,0,2016,0.35,0.57,24000,0
178,0,1,1,0,2014,0.35,0.52,19000,0
179,0,1,1,1,2010,0.31,1.05,213000,0
180,0,1,1,1,2012,0.3,0.51,60000,0
181,0,1,1,1,2016,0.3,0.48,50000,0
182,0,1,1,1,2013,0.3,0.58,30000,0
183,0,1,1,1,2013,0.27,0.47,21000,0
184,0,1,1,1,2008,0.25,0.75,26000,1
185,0,1,1,0,2008,0.25,0.58,1900,0
186,0,1,1,0,2010,0.25,0.52,22000,0
187,0,1,1,1,2013,0.25,0.51,32000,0
188,0,1,1,1,2013,0.25,0.57,18000,0
189,0,1,1,1,2005,0.2,0.57,55000,0
190,0,1,1,1,2008,0.2,0.75,60000,0
191,0,1,1,1,2012,0.2,0.57,25000,1
192,0,1,1,1,2007,0.2,0.75,49000,1
193,0,1,1,1,2013,0.2,0.65,24000,1
194,0,1,1,1,2008,0.2,0.787,50000,0
195,0,1,1,1,2015,0.18,0.32,35000,0
196,0,1,1,0,2008,0.17,0.52,500000,0
197,0,1,1,1,2010,0.16,0.51,33000,0
198,0,1,1,1,2011,0.15,0.57,35000,1
199,0,1,1,1,2007,0.12,0.58,53000,0
200,0,1,1,1,2006,0.1,0.75,92233,0
201,1,0,0,1,2010,3.25,6.79,58000,1
202,0,1,0,1,2015,4.4,5.7,28200,0
203,0,1,0,1,2011,2.95,4.6,53460,0
204,0,1,0,1,2015,2.75,4.43,28282,0
205,0,1,0,1,2016,5.25,5.7,3493,1
206,0,1,0,1,2017,5.75,7.13,12479,0
207,0,1,0,0,2015,5.15,5.7,34797,0
208,0,1,0,1,2017,7.9,8.1,3435,0
209,1,0,0,1,2015,4.85,5.7,21125,0
210,0,1,0,1,2012,3.1,4.6,35775,0
211,1,0,0,1,2015,11.75,14.79,43535,0
212,0,1,0,1,2016,11.25,13.6,22671,0
213,0,1,0,1,2011,2.9,6.79,31604,0
214,0,1,0,1,2017,5.25,5.7,20114,0
215,0,1,0,1,2012,4.5,9.4,36100,0
216,0,1,0,1,2016,2.9,4.43,12500,0
217,0,1,0,1,2016,3.15,4.43,15000,0
218,0,1,0,1,2014,6.45,9.4,45078,0
219,0,1,0,1,2012,4.5,9.4,36000,0
220,0,1,0,1,2017,3.5,4.43,38488,0
221,0,1,0,0,2013,4.5,6.79,32000,0
222,1,0,0,1,2014,6.0,7.6,77632,0
223,1,0,0,1,2015,8.25,9.4,61381,0
224,0,1,0,0,2013,5.11,9.4,36198,0
225,0,1,0,1,2011,2.7,4.6,22517,0
226,0,1,0,1,2015,5.25,5.7,24678,0
227,0,1,0,1,2011,2.55,4.43,57000,0
228,1,0,0,1,2012,4.95,9.4,60000,0
229,1,0,0,1,2012,3.1,6.79,52132,0
230,1,0,0,1,2013,6.15,9.4,45000,0
231,0,1,0,1,2017,9.25,9.4,15001,0
232,0,1,0,0,2015,11.45,14.79,12900,0
233,1,0,0,1,2013,3.9,5.7,53000,0
234,0,1,0,1,2015,5.5,5.7,4492,0
235,0,1,0,1,2017,9.1,9.4,15141,0
236,0,1,0,1,2016,3.1,4.43,11849,0
237,1,0,0,1,2015,11.25,13.6,68000,0
238,0,1,0,1,2013,4.8,9.4,60241,0
239,0,1,0,1,2012,2.0,4.43,23709,0
240,1,0,0,1,2012,5.35,9.4,32322,0
241,0,1,0,1,2015,4.75,7.13,35866,1
242,0,1,0,1,2014,4.4,7.13,34000,0
243,0,1,0,1,2016,6.25,7.6,7000,0
244,1,0,0,1,2013,5.95,9.4,49000,0
245,1,0,0,1,2012,5.2,9.4,71000,0
246,0,1,0,1,2012,3.75,6.79,35000,0
247,0,1,0,1,2015,5.95,9.4,36000,0
248,0,1,0,1,2013,4.0,4.6,30000,0
249,0,1,0,1,2016,5.25,7.6,17000,0
250,1,0,0,1,2016,12.9,13.6,35934,0
251,0,1,0,1,2013,5.0,9.9,56701,0
252,0,1,0,0,2015,5.4,6.82,31427,0
253,1,0,0,1,2014,7.2,9.9,48000,0
254,0,1,0,1,2013,5.25,9.9,54242,0
255,0,1,0,1,2012,3.0,5.35,53675,0
256,0,1,0,1,2016,10.25,13.6,49562,0
257,0,1,0,1,2015,8.5,13.6,40324,0
258,0,1,0,1,2015,8.4,13.6,25000,0
259,0,1,0,1,2014,3.9,7.0,36054,0
260,0,1,0,1,2016,9.15,13.6,29223,0
261,0,1,0,1,2016,5.5,5.97,5600,0
262,0,1,0,1,2015,4.0,5.8,40023,0
263,0,1,0,1,2016,6.6,7.7,16002,0
264,0,1,0,1,2015,4.0,7.0,40026,0
265,0,1,0,1,2017,6.5,8.7,21200,0
266,0,1,0,1,2014,3.65,7.0,35000,0
267,1,0,0,1,2016,8.35,9.4,19434,0
268,0,1,0,1,2017,4.8,5.8,19000,0
269,0,1,0,1,2015,6.7,10.0,18828,0
270,0,1,0,1,2011,4.1,10.0,69341,0
271,0,1,0,1,2009,3.0,10.0,69562,0
272,0,1,0,1,2015,7.5,10.0,27600,0
273,0,1,0,1,2010,2.25,7.5,61203,0
274,0,1,0,1,2014,5.3,6.8,16500,0
275,0,1,0,0,2016,10.9,13.6,30753,0
276,0,1,0,1,2015,8.65,13.6,24800,0
277,0,1,0,1,2015,9.7,13.6,21780,0
278,0,1,0,1,2016,6.0,8.4,4000,0
279,0,1,0,1,2014,6.25,13.6,40126,0
280,0,1,0,1,2015,5.25,5.9,14465,0
281,0,1,0,1,2006,2.1,7.6,50456,0
282,1,0,0,1,2014,8.25,14.0,63000,0
283,0,1,0,1,2016,8.99,11.8,9010,0
284,0,1,0,1,2013,3.5,5.9,9800,0
285,0,1,0,0,2016,7.4,8.5,15059,0
286,0,1,0,1,2016,5.65,7.9,28569,0
287,0,1,0,0,2015,5.75,7.5,44000,0
288,0,1,0,1,2015,8.4,13.6,34000,0
289,0,1,0,1,2016,10.11,13.6,10980,0
290,0,1,0,1,2014,4.5,6.4,19000,0
291,0,1,0,1,2015,5.4,6.1,31427,0
292,0,1,0,1,2016,6.4,8.4,12000,0
293,0,1,0,1,2010,3.25,9.9,38000,0
294,0,1,0,1,2014,3.75,6.8,33019,0
295,1,0,0,1,2015,8.55,13.09,60076,0
296,1,0,0,1,2016,9.5,11.6,33988,0
297,0,1,0,1,2015,4.0,5.9,60000,0
298,0,1,0,1,2009,3.35,11.0,87934,0
299,1,0,0,1,2017,11.5,12.5,9000,0
300,0,1,0,1,2016,5.3,5.9,5464,0
